matching 1 guess125 to 1 guess130
[[200.   202.5  206.   208.5  209.6  208.65 207.32 206.5  206.3  206.71
  207.11 207.02 206.86 207.05 206.94 207.07 206.93 207.06 206.93 207.07
  206.93 207.07 206.93 207.07 206.93]
 [200.   197.5  194.   191.5  190.4  191.35 192.68 193.5  193.7  193.29
  192.89 192.98 193.14 192.95 193.06 192.93 193.07 192.94 193.07 192.93
  193.07 192.93 193.07 192.93 193.07]]
[[125.   123.   125.   125.3  125.7  125.75 125.75 124.96 124.06 124.17
  124.53 124.72 124.31 124.6  124.39 124.65 124.38 124.64 124.38 124.64
  124.38 124.64 124.38 124.64 131.97]
 [130.   130.   130.   127.5  123.8  123.1  124.1  124.56 124.88 124.98
  124.34 124.42 124.68 124.4  124.65 124.37 124.63 124.38 124.64 124.38
  124.64 124.38 124.64 124.38 132.03]]
[[5100.   5247.   5508.   5682.56 5763.93 5699.37 5608.28 5541.49 5514.93
  5544.08 5576.69 5573.04 5556.73 5573.26 5563.33 5575.94 5562.46 5575.04
  5562.39 5575.27 5562.53 5575.27 5562.48 5575.25 5620.09]
 [4130.   3982.5  3776.   3616.   3516.48 3555.83 3641.33 3692.43 3708.03
  3687.61 3656.3  3662.66 3674.69 3660.75 3669.93 3658.83 3670.29 3659.62
  3670.44 3659.39 3670.31 3659.41 3670.35 3659.42 3724.99]]
[5551.98 3693.34]

A =
5584  5294  5182  4724  5294 
6028  5524  5385  4682  2996 
6308  5538  5297  4748  5255 
6881  5438  5392  4904  2162 
7006  5350  5383  4916  4776 
7136  4987  5195  4799  2266 
7029  4710  4992  4634  1240 
6795  4386  4719  4399   404 
5547  5458  5270  4900  5458 
5821  5393  5318  4907  4467 
6308  5383  5380  4089  3353 

B =
3756  3982  4064  4360  3982 
3375  3679  3574  2918  1297 
3107  3713  3901  4323  3924 
2419  3487  3531  3890  5268 
2202  3409  3387  3725  3779 
1573  2987  2865  3131  4014 
1285  2686  2549  2775  3314 
1037  2341  2210  2397  2030 
3783  3847  3906  3895  3847 
3549  3667  3642  3591  3328 
3107  3439  3486  2048  1561 
11 5  should be 11 x 5
['myopic', 'guess125', 'const125', 'const117', 'const114.2', 'const105', 'const100', 'const95', 'imit120', 'imit110', 'fight125']
['myopic', 'guess130', 'imit131', 'imit114.2', 'fight130']
