matching 2 const125 to 1 guess130
[[200.   202.5  205.   207.5  209.5  209.25 208.   206.88 206.21 205.89
  205.81 205.88 206.04 206.23 206.42 206.61 206.8  206.99 207.18 206.78
  206.56 206.48 206.48 206.53 206.61]
 [200.   197.5  195.   192.5  190.5  190.75 192.   193.12 193.79 194.11
  194.19 194.12 193.96 193.77 193.58 193.39 193.2  193.01 192.82 193.22
  193.44 193.52 193.52 193.47 193.39]]
[[125.   125.   125.   125.   125.   125.   125.   125.   125.   125.
  125.   125.   125.   125.   125.   125.   125.   125.   125.   125.
  125.   125.   125.   125.   131.8 ]
 [130.   130.   130.   129.   124.5  122.5  122.75 123.67 124.36 124.84
  125.14 125.31 125.38 125.38 125.38 125.38 125.38 125.38 124.2  124.57
  124.83 125.   125.11 125.16 132.2 ]]
[[5100.   5270.   5440.   5610.   5746.   5729.   5644.   5567.5  5522.45
  5500.78 5495.29 5500.07 5510.54 5523.36 5536.32 5549.27 5562.23 5575.19
  5588.15 5561.03 5546.25 5540.36 5540.39 5543.97 5595.61]
 [4130.   3982.5  3835.   3683.   3531.   3514.88 3583.69 3658.28 3704.69
  3729.28 3738.21 3736.85 3729.49 3719.29 3708.93 3698.56 3688.2  3677.84
  3650.69 3677.52 3693.09 3700.31 3701.8  3699.69 3744.97]]
[5531.91 3716.71]

matching 2 const125 to 1 guess130
[[200.   202.5  205.   207.5  209.5  209.25 208.   206.88 206.21 205.89
  205.81 205.88 206.04 206.23 206.42 206.61 206.8  206.99 207.18 206.78
  206.56 206.48 206.48 206.53 206.61]
 [200.   197.5  195.   192.5  190.5  190.75 192.   193.12 193.79 194.11
  194.19 194.12 193.96 193.77 193.58 193.39 193.2  193.01 192.82 193.22
  193.44 193.52 193.52 193.47 193.39]]
[[125.   125.   125.   125.   125.   125.   125.   125.   125.   125.
  125.   125.   125.   125.   125.   125.   125.   125.   125.   125.
  125.   125.   125.   125.   131.8 ]
 [130.   130.   130.   129.   124.5  122.5  122.75 123.67 124.36 124.84
  125.14 125.31 125.38 125.38 125.38 125.38 125.38 125.38 124.2  124.57
  124.83 125.   125.11 125.16 132.2 ]]
[[5100.   5270.   5440.   5610.   5746.   5729.   5644.   5567.5  5522.45
  5500.78 5495.29 5500.07 5510.54 5523.36 5536.32 5549.27 5562.23 5575.19
  5588.15 5561.03 5546.25 5540.36 5540.39 5543.97 5595.61]
 [4130.   3982.5  3835.   3683.   3531.   3514.88 3583.69 3658.28 3704.69
  3729.28 3738.21 3736.85 3729.49 3719.29 3708.93 3698.56 3688.2  3677.84
  3650.69 3677.52 3693.09 3700.31 3701.8  3699.69 3744.97]]
[5531.91 3716.71]

A =
5584  5294  5182  4724  5294 
6027  5552  5382  4700  5428 
6308  5532  5297  4748  5255 
6881  5444  5392  4904  2162 
7006  5367  5383  4916  4776 
7136  5004  5195  4799  2266 
7029  4732  4992  4634  1240 
6795  4408  4719  4399   404 
5547  5458  5270  4900  5458 
5821  5538  5318  4907  4467 
6308  5386  5380  4089  3353 

B =
3756  3982  4064  4360  3982 
3376  3693  3591  2971  3639 
3107  3717  3901  4323  3924 
2419  3481  3531  3890  5268 
2202  3388  3387  3725  3779 
1573  2961  2865  3131  4014 
1285  2662  2549  2775  3314 
1037  2315  2210  2397  2030 
3783  3847  3906  3895  3847 
3549  3673  3642  3591  3328 
3107  3425  3486  2048  1561 
11 5  should be 11 x 5
['myopic', 'guess125', 'const125', 'const117', 'const114.2', 'const105', 'const100', 'const95', 'imit120', 'imit110', 'fight125']
['myopic', 'guess130', 'imit131', 'imit114.2', 'fight130']
