        
    A = 5552  5382  4700  5428     B = 3693  3591  2971  3639
        5367  5383  4916  4776         3388  3387  3725  3779
        5458  5270  4900  5458         3847  3906  3895  3847
        5538  5318  4907  4467         3673  3642  3591  3328

    1  P1:  (1)  0.1134  0.2613  0.3468  0.2784  EP=  5201.93
       P2:  (1)  0.2400  0.3927  0.3266  0.0407  EP=  3661.12

    2  P1:  (2)  0.0501  0.1189  0.8310  0.0     EP=  5174.28
       P2:  (2)  0.0     0.5843  0.3116  0.1041  EP=  3828.49

    3  P1:  (3)  0.0     0.4705  0.5294  0.0     EP=  4912.79
       P2:  (3)  0.0     0.0     0.9771  0.0229  EP=  3815.0

    4  P1:  (4)  0.0     0.1957  0.0     0.8043  EP=  4938.55
       P2:  (4)  0.05    0.0     0.95    0.0     EP=  3617.22

    5  P1:  (5)  1.0     0.0     0.0     0.0     EP=  5552.0
       P2:  (5)  1.0     0.0     0.0     0.0     EP=  3693.0 

