6 6
  
## here with many eq
# 1] 9504 -660 19976 -20526 1776 -8976
# 2] -111771 31680 -130944 168124 -8514 52764 
# 3] 397584 -113850 451176 -586476 29216 -178761 
# 4] 171204 -45936 208626 -263076 14124 -84436 
# 5] 1303104 -453420 1227336 -1718376 72336 -461736 
# 6] 737154 -227040 774576 -1039236 48081 -300036
#   
# 2] 
# 4] 
# 1] 
# 6] 
# 3] 
# 5] 

-111771 31680 -130944 168124 -8514 52764 
171204 -45936 208626 -263076 14124 -84436 
9504 -660 19976 -20526 1776 -8976
737154 -227040 774576 -1039236 48081 -300036
397584 -113850 451176 -586476 29216 -178761 
1303104 -453420 1227336 -1718376 72336 -461736 

72336 48081 29216 14124 1776 -8514
-461736 -300036 -178761 -84436 -8976 52764 
1227336 774576 451176 208626 19976 -130944 
-1718376 -1039236 -586476 -263076 -20526 168124 
1303104 737154 397584 171204 9504 -111771 
-453420 -227040 -113850 -45936 -660 31680
