# m= 
3 3 3 3 3 3 3 3 3 3 3 3 3 3 3
# A= 

# A12 
[ 
37 41 36
26 21 28
29 22 29
] 
# A13 
[ 
39 46 28
35 32 46
31 28 37
] 
# A14 
[ 
0 0 0
0 0 0
0 0 0
] 
# A15 
[ 
0 0 0
0 0 0
0 0 0
] 
# A16 
[ 
0 0 0
0 0 0
0 0 0
] 
# A17 
[ 
0 0 0
0 0 0
0 0 0
] 
# A18 
[ 
0 0 0
0 0 0
0 0 0
] 
# A19 
[ 
0 0 0
0 0 0
0 0 0
] 
# A110 
[ 
0 0 0
0 0 0
0 0 0
] 
# A111 
[ 
0 0 0
0 0 0
0 0 0
] 
# A112 
[ 
0 0 0
0 0 0
0 0 0
] 
# A113 
[ 
0 0 0
0 0 0
0 0 0
] 
# A114 
[ 
0 0 0
0 0 0
0 0 0
] 
# A115 
[ 
0 0 0
0 0 0
0 0 0
] 
# A21 
[ 
34 41 40
31 44 44
35 40 39
] 
# A23 
[ 
0 0 0
0 0 0
0 0 0
] 
# A24 
[ 
14 19 22
18 18 18
28 23 21
] 
# A25 
[ 
43 45 35
43 37 46
36 43 46
] 
# A26 
[ 
0 0 0
0 0 0
0 0 0
] 
# A27 
[ 
0 0 0
0 0 0
0 0 0
] 
# A28 
[ 
0 0 0
0 0 0
0 0 0
] 
# A29 
[ 
0 0 0
0 0 0
0 0 0
] 
# A210 
[ 
0 0 0
0 0 0
0 0 0
] 
# A211 
[ 
0 0 0
0 0 0
0 0 0
] 
# A212 
[ 
0 0 0
0 0 0
0 0 0
] 
# A213 
[ 
0 0 0
0 0 0
0 0 0
] 
# A214 
[ 
0 0 0
0 0 0
0 0 0
] 
# A215 
[ 
0 0 0
0 0 0
0 0 0
] 
# A31 
[ 
10 16 23
-2 21 27
28 -1 13
] 
# A32 
[ 
0 0 0
0 0 0
0 0 0
] 
# A34 
[ 
0 0 0
0 0 0
0 0 0
] 
# A35 
[ 
0 0 0
0 0 0
0 0 0
] 
# A36 
[ 
17 14 28
25 19 30
16 24 23
] 
# A37 
[ 
48 47 46
42 41 45
45 41 45
] 
# A38 
[ 
0 0 0
0 0 0
0 0 0
] 
# A39 
[ 
0 0 0
0 0 0
0 0 0
] 
# A310 
[ 
0 0 0
0 0 0
0 0 0
] 
# A311 
[ 
0 0 0
0 0 0
0 0 0
] 
# A312 
[ 
0 0 0
0 0 0
0 0 0
] 
# A313 
[ 
0 0 0
0 0 0
0 0 0
] 
# A314 
[ 
0 0 0
0 0 0
0 0 0
] 
# A315 
[ 
0 0 0
0 0 0
0 0 0
] 
# A41 
[ 
0 0 0
0 0 0
0 0 0
] 
# A42 
[ 
23 17 5
16 17 10
12 18 14
] 
# A43 
[ 
0 0 0
0 0 0
0 0 0
] 
# A45 
[ 
0 0 0
0 0 0
0 0 0
] 
# A46 
[ 
0 0 0
0 0 0
0 0 0
] 
# A47 
[ 
0 0 0
0 0 0
0 0 0
] 
# A48 
[ 
57 57 72
62 56 73
65 76 72
] 
# A49 
[ 
29 30 28
25 27 30
25 24 26
] 
# A410 
[ 
0 0 0
0 0 0
0 0 0
] 
# A411 
[ 
0 0 0
0 0 0
0 0 0
] 
# A412 
[ 
0 0 0
0 0 0
0 0 0
] 
# A413 
[ 
0 0 0
0 0 0
0 0 0
] 
# A414 
[ 
0 0 0
0 0 0
0 0 0
] 
# A415 
[ 
0 0 0
0 0 0
0 0 0
] 
# A51 
[ 
0 0 0
0 0 0
0 0 0
] 
# A52 
[ 
-9 -8 6
-12 4 -8
8 -15 -15
] 
# A53 
[ 
0 0 0
0 0 0
0 0 0
] 
# A54 
[ 
0 0 0
0 0 0
0 0 0
] 
# A56 
[ 
0 0 0
0 0 0
0 0 0
] 
# A57 
[ 
0 0 0
0 0 0
0 0 0
] 
# A58 
[ 
0 0 0
0 0 0
0 0 0
] 
# A59 
[ 
0 0 0
0 0 0
0 0 0
] 
# A510 
[ 
48 47 49
46 47 46
47 48 46
] 
# A511 
[ 
26 20 24
26 17 11
9 17 8
] 
# A512 
[ 
0 0 0
0 0 0
0 0 0
] 
# A513 
[ 
0 0 0
0 0 0
0 0 0
] 
# A514 
[ 
0 0 0
0 0 0
0 0 0
] 
# A515 
[ 
0 0 0
0 0 0
0 0 0
] 
# A61 
[ 
0 0 0
0 0 0
0 0 0
] 
# A62 
[ 
0 0 0
0 0 0
0 0 0
] 
# A63 
[ 
30 22 31
34 28 23
19 17 24
] 
# A64 
[ 
0 0 0
0 0 0
0 0 0
] 
# A65 
[ 
0 0 0
0 0 0
0 0 0
] 
# A67 
[ 
0 0 0
0 0 0
0 0 0
] 
# A68 
[ 
0 0 0
0 0 0
0 0 0
] 
# A69 
[ 
0 0 0
0 0 0
0 0 0
] 
# A610 
[ 
0 0 0
0 0 0
0 0 0
] 
# A611 
[ 
0 0 0
0 0 0
0 0 0
] 
# A612 
[ 
41 49 39
46 38 41
37 36 51
] 
# A613 
[ 
77 66 79
68 87 76
100 61 52
] 
# A614 
[ 
0 0 0
0 0 0
0 0 0
] 
# A615 
[ 
0 0 0
0 0 0
0 0 0
] 
# A71 
[ 
0 0 0
0 0 0
0 0 0
] 
# A72 
[ 
0 0 0
0 0 0
0 0 0
] 
# A73 
[ 
-4 0 -3
-4 0 0
-3 -2 -2
] 
# A74 
[ 
0 0 0
0 0 0
0 0 0
] 
# A75 
[ 
0 0 0
0 0 0
0 0 0
] 
# A76 
[ 
0 0 0
0 0 0
0 0 0
] 
# A78 
[ 
0 0 0
0 0 0
0 0 0
] 
# A79 
[ 
0 0 0
0 0 0
0 0 0
] 
# A710 
[ 
0 0 0
0 0 0
0 0 0
] 
# A711 
[ 
0 0 0
0 0 0
0 0 0
] 
# A712 
[ 
0 0 0
0 0 0
0 0 0
] 
# A713 
[ 
0 0 0
0 0 0
0 0 0
] 
# A714 
[ 
44 40 42
43 41 45
43 45 40
] 
# A715 
[ 
9 13 10
9 10 16
14 16 11
] 
# A81 
[ 
0 0 0
0 0 0
0 0 0
] 
# A82 
[ 
0 0 0
0 0 0
0 0 0
] 
# A83 
[ 
0 0 0
0 0 0
0 0 0
] 
# A84 
[ 
26 25 24
26 27 20
22 21 21
] 
# A85 
[ 
0 0 0
0 0 0
0 0 0
] 
# A86 
[ 
0 0 0
0 0 0
0 0 0
] 
# A87 
[ 
0 0 0
0 0 0
0 0 0
] 
# A89 
[ 
0 0 0
0 0 0
0 0 0
] 
# A810 
[ 
0 0 0
0 0 0
0 0 0
] 
# A811 
[ 
0 0 0
0 0 0
0 0 0
] 
# A812 
[ 
0 0 0
0 0 0
0 0 0
] 
# A813 
[ 
0 0 0
0 0 0
0 0 0
] 
# A814 
[ 
0 0 0
0 0 0
0 0 0
] 
# A815 
[ 
0 0 0
0 0 0
0 0 0
] 
# A91 
[ 
0 0 0
0 0 0
0 0 0
] 
# A92 
[ 
0 0 0
0 0 0
0 0 0
] 
# A93 
[ 
0 0 0
0 0 0
0 0 0
] 
# A94 
[ 
7 10 9
6 8 10
8 6 9
] 
# A95 
[ 
0 0 0
0 0 0
0 0 0
] 
# A96 
[ 
0 0 0
0 0 0
0 0 0
] 
# A97 
[ 
0 0 0
0 0 0
0 0 0
] 
# A98 
[ 
0 0 0
0 0 0
0 0 0
] 
# A910 
[ 
0 0 0
0 0 0
0 0 0
] 
# A911 
[ 
0 0 0
0 0 0
0 0 0
] 
# A912 
[ 
0 0 0
0 0 0
0 0 0
] 
# A913 
[ 
0 0 0
0 0 0
0 0 0
] 
# A914 
[ 
0 0 0
0 0 0
0 0 0
] 
# A915 
[ 
0 0 0
0 0 0
0 0 0
] 
# A101 
[ 
0 0 0
0 0 0
0 0 0
] 
# A102 
[ 
0 0 0
0 0 0
0 0 0
] 
# A103 
[ 
0 0 0
0 0 0
0 0 0
] 
# A104 
[ 
0 0 0
0 0 0
0 0 0
] 
# A105 
[ 
3 10 7
6 7 3
0 13 10
] 
# A106 
[ 
0 0 0
0 0 0
0 0 0
] 
# A107 
[ 
0 0 0
0 0 0
0 0 0
] 
# A108 
[ 
0 0 0
0 0 0
0 0 0
] 
# A109 
[ 
0 0 0
0 0 0
0 0 0
] 
# A1011 
[ 
0 0 0
0 0 0
0 0 0
] 
# A1012 
[ 
0 0 0
0 0 0
0 0 0
] 
# A1013 
[ 
0 0 0
0 0 0
0 0 0
] 
# A1014 
[ 
0 0 0
0 0 0
0 0 0
] 
# A1015 
[ 
0 0 0
0 0 0
0 0 0
] 
# A111 
[ 
0 0 0
0 0 0
0 0 0
] 
# A112 
[ 
0 0 0
0 0 0
0 0 0
] 
# A113 
[ 
0 0 0
0 0 0
0 0 0
] 
# A114 
[ 
0 0 0
0 0 0
0 0 0
] 
# A115 
[ 
-34 -34 2
-22 -16 -15
-32 0 7
] 
# A116 
[ 
0 0 0
0 0 0
0 0 0
] 
# A117 
[ 
0 0 0
0 0 0
0 0 0
] 
# A118 
[ 
0 0 0
0 0 0
0 0 0
] 
# A119 
[ 
0 0 0
0 0 0
0 0 0
] 
# A1110 
[ 
0 0 0
0 0 0
0 0 0
] 
# A1112 
[ 
0 0 0
0 0 0
0 0 0
] 
# A1113 
[ 
0 0 0
0 0 0
0 0 0
] 
# A1114 
[ 
0 0 0
0 0 0
0 0 0
] 
# A1115 
[ 
0 0 0
0 0 0
0 0 0
] 
# A121 
[ 
0 0 0
0 0 0
0 0 0
] 
# A122 
[ 
0 0 0
0 0 0
0 0 0
] 
# A123 
[ 
0 0 0
0 0 0
0 0 0
] 
# A124 
[ 
0 0 0
0 0 0
0 0 0
] 
# A125 
[ 
0 0 0
0 0 0
0 0 0
] 
# A126 
[ 
16 13 18
11 17 19
17 16 10
] 
# A127 
[ 
0 0 0
0 0 0
0 0 0
] 
# A128 
[ 
0 0 0
0 0 0
0 0 0
] 
# A129 
[ 
0 0 0
0 0 0
0 0 0
] 
# A1210 
[ 
0 0 0
0 0 0
0 0 0
] 
# A1211 
[ 
0 0 0
0 0 0
0 0 0
] 
# A1213 
[ 
0 0 0
0 0 0
0 0 0
] 
# A1214 
[ 
0 0 0
0 0 0
0 0 0
] 
# A1215 
[ 
0 0 0
0 0 0
0 0 0
] 
# A131 
[ 
0 0 0
0 0 0
0 0 0
] 
# A132 
[ 
0 0 0
0 0 0
0 0 0
] 
# A133 
[ 
0 0 0
0 0 0
0 0 0
] 
# A134 
[ 
0 0 0
0 0 0
0 0 0
] 
# A135 
[ 
0 0 0
0 0 0
0 0 0
] 
# A136 
[ 
15 15 15
15 15 15
15 15 15
] 
# A137 
[ 
0 0 0
0 0 0
0 0 0
] 
# A138 
[ 
0 0 0
0 0 0
0 0 0
] 
# A139 
[ 
0 0 0
0 0 0
0 0 0
] 
# A1310 
[ 
0 0 0
0 0 0
0 0 0
] 
# A1311 
[ 
0 0 0
0 0 0
0 0 0
] 
# A1312 
[ 
0 0 0
0 0 0
0 0 0
] 
# A1314 
[ 
0 0 0
0 0 0
0 0 0
] 
# A1315 
[ 
0 0 0
0 0 0
0 0 0
] 
# A141 
[ 
0 0 0
0 0 0
0 0 0
] 
# A142 
[ 
0 0 0
0 0 0
0 0 0
] 
# A143 
[ 
0 0 0
0 0 0
0 0 0
] 
# A144 
[ 
0 0 0
0 0 0
0 0 0
] 
# A145 
[ 
0 0 0
0 0 0
0 0 0
] 
# A146 
[ 
0 0 0
0 0 0
0 0 0
] 
# A147 
[ 
-30 -19 -20
0 -6 -32
-17 -31 2
] 
# A148 
[ 
0 0 0
0 0 0
0 0 0
] 
# A149 
[ 
0 0 0
0 0 0
0 0 0
] 
# A1410 
[ 
0 0 0
0 0 0
0 0 0
] 
# A1411 
[ 
0 0 0
0 0 0
0 0 0
] 
# A1412 
[ 
0 0 0
0 0 0
0 0 0
] 
# A1413 
[ 
0 0 0
0 0 0
0 0 0
] 
# A1415 
[ 
0 0 0
0 0 0
0 0 0
] 
# A151 
[ 
0 0 0
0 0 0
0 0 0
] 
# A152 
[ 
0 0 0
0 0 0
0 0 0
] 
# A153 
[ 
0 0 0
0 0 0
0 0 0
] 
# A154 
[ 
0 0 0
0 0 0
0 0 0
] 
# A155 
[ 
0 0 0
0 0 0
0 0 0
] 
# A156 
[ 
0 0 0
0 0 0
0 0 0
] 
# A157 
[ 
23 24 12
14 20 8
21 8 18
] 
# A158 
[ 
0 0 0
0 0 0
0 0 0
] 
# A159 
[ 
0 0 0
0 0 0
0 0 0
] 
# A1510 
[ 
0 0 0
0 0 0
0 0 0
] 
# A1511 
[ 
0 0 0
0 0 0
0 0 0
] 
# A1512 
[ 
0 0 0
0 0 0
0 0 0
] 
# A1513 
[ 
0 0 0
0 0 0
0 0 0
] 
# A1514 
[ 
0 0 0
0 0 0
0 0 0
] 
