# m= 
3 3 3 3 3
# A= 

# A12 
[ 
0 0 100
0 0 0
0 0 0
] 
# A13 
[ 
0 0 0
9 0 0
0 0 0
] 
# A14 
[ 
0 52 0
52 0 0
0 0 0
] 
# A15 
[ 
0 25 0
25 0 0
0 0 25
] 
# A21 
[ 
0 0 0
0 0 0
100 0 0
] 
# A23 
[ 
0 0 0
0 0 0
0 0 0
] 
# A24 
[ 
0 0 0
0 0 0
0 0 0
] 
# A25 
[ 
0 0 0
0 0 0
0 0 0
] 
# A31 
[ 
0 9 0
0 0 0
0 0 0
] 
# A32 
[ 
0 0 0
0 0 0
0 0 0
] 
# A34 
[ 
0 0 0
0 0 0
0 0 0
] 
# A35 
[ 
0 0 0
0 0 0
0 0 0
] 
# A41 
[ 
0 52 0
52 0 0
0 0 0
] 
# A42 
[ 
0 0 0
0 0 0
0 0 0
] 
# A43 
[ 
0 0 0
0 0 0
0 0 0
] 
# A45 
[ 
0 0 0
0 0 0
0 0 0
] 
# A51 
[ 
0 25 0
25 0 0
0 0 25
] 
# A52 
[ 
0 0 0
0 0 0
0 0 0
] 
# A53 
[ 
0 0 0
0 0 0
0 0 0
] 
# A54 
[ 
0 0 0
0 0 0
0 0 0
] 
