# m= 
3 3 3 3 3 3
# A= 

# A12 
[ 
46 51 59
41 40 42
46 57 56
] 
# A13 
[ 
0 0 0
0 0 0
0 0 0
] 
# A14 
[ 
71 100 75
53 58 92
78 82 84
] 
# A15 
[ 
0 0 0
0 0 0
0 0 0
] 
# A16 
[ 
0 0 0
0 0 0
0 0 0
] 
# A21 
[ 
34 46 34
20 51 3
-3 43 4
] 
# A23 
[ 
53 53 50
50 52 44
54 53 52
] 
# A24 
[ 
0 0 0
0 0 0
0 0 0
] 
# A25 
[ 
26 14 49
48 38 62
59 41 16
] 
# A26 
[ 
0 0 0
0 0 0
0 0 0
] 
# A31 
[ 
0 0 0
0 0 0
0 0 0
] 
# A32 
[ 
-42 -26 -44
-41 -33 -39
-23 4 -36
] 
# A34 
[ 
0 0 0
0 0 0
0 0 0
] 
# A35 
[ 
0 0 0
0 0 0
0 0 0
] 
# A36 
[ 
26 26 26
26 26 26
26 26 26
] 
# A41 
[ 
36 53 30
8 49 25
32 16 24
] 
# A42 
[ 
0 0 0
0 0 0
0 0 0
] 
# A43 
[ 
0 0 0
0 0 0
0 0 0
] 
# A45 
[ 
18 21 17
19 17 22
22 22 16
] 
# A46 
[ 
0 0 0
0 0 0
0 0 0
] 
# A51 
[ 
0 0 0
0 0 0
0 0 0
] 
# A52 
[ 
42 29 22
50 35 33
28 20 49
] 
# A53 
[ 
0 0 0
0 0 0
0 0 0
] 
# A54 
[ 
36 35 22
24 42 21
43 23 46
] 
# A56 
[ 
47 40 27
56 46 58
40 24 21
] 
# A61 
[ 
0 0 0
0 0 0
0 0 0
] 
# A62 
[ 
0 0 0
0 0 0
0 0 0
] 
# A63 
[ 
-37 -15 -11
9 9 -39
-3 -21 -29
] 
# A64 
[ 
0 0 0
0 0 0
0 0 0
] 
# A65 
[ 
-17 -31 -8
-7 -16 16
12 -33 20
] 
