# m= 
3 3 3 3 3 3
# A= 

# A12 
[ 
36 68 27
51 16 72
73 19 80
] 
# A13 
[ 
98 67 74
75 10 78
9 75 48
] 
# A14 
[ 
73 35 10
94 84 34
2 10 29
] 
# A15 
[ 
82 17 78
76 69 76
29 3 73
] 
# A16 
[ 
93 43 100
49 74 17
40 49 96
] 
# A21 
[ 
-36 -51 -73
-68 -16 -19
-27 -72 -80
] 
# A23 
[ 
0 0 0
0 0 0
0 0 0
] 
# A24 
[ 
0 0 0
0 0 0
0 0 0
] 
# A25 
[ 
0 0 0
0 0 0
0 0 0
] 
# A26 
[ 
0 0 0
0 0 0
0 0 0
] 
# A31 
[ 
98 75 9
67 10 75
74 78 48
] 
# A32 
[ 
0 0 0
0 0 0
0 0 0
] 
# A34 
[ 
0 0 0
0 0 0
0 0 0
] 
# A35 
[ 
0 0 0
0 0 0
0 0 0
] 
# A36 
[ 
0 0 0
0 0 0
0 0 0
] 
# A41 
[ 
-73 -94 -2
-35 -84 -10
-10 -34 -29
] 
# A42 
[ 
0 0 0
0 0 0
0 0 0
] 
# A43 
[ 
0 0 0
0 0 0
0 0 0
] 
# A45 
[ 
0 0 0
0 0 0
0 0 0
] 
# A46 
[ 
0 0 0
0 0 0
0 0 0
] 
# A51 
[ 
82 76 29
17 69 3
78 76 73
] 
# A52 
[ 
0 0 0
0 0 0
0 0 0
] 
# A53 
[ 
0 0 0
0 0 0
0 0 0
] 
# A54 
[ 
0 0 0
0 0 0
0 0 0
] 
# A56 
[ 
0 0 0
0 0 0
0 0 0
] 
# A61 
[ 
-93 -49 -40
-43 -74 -49
-100 -17 -96
] 
# A62 
[ 
0 0 0
0 0 0
0 0 0
] 
# A63 
[ 
0 0 0
0 0 0
0 0 0
] 
# A64 
[ 
0 0 0
0 0 0
0 0 0
] 
# A65 
[ 
0 0 0
0 0 0
0 0 0
] 
