# m= 
3 3 3 3 3
# A= 

# A12 
[ 
99 35 49
37 12 52
67 87 14
] 
# A13 
[ 
0 0 0
0 0 0
0 0 0
] 
# A14 
[ 
0 0 0
0 0 0
0 0 0
] 
# A15 
[ 
0 0 0
0 0 0
0 0 0
] 
# A21 
[ 
-99 -37 -67
-35 -12 -87
-49 -52 -14
] 
# A23 
[ 
86 34 97
69 95 86
50 40 35
] 
# A24 
[ 
0 0 0
0 0 0
0 0 0
] 
# A25 
[ 
0 0 0
0 0 0
0 0 0
] 
# A31 
[ 
0 0 0
0 0 0
0 0 0
] 
# A32 
[ 
-86 -69 -50
-34 -95 -40
-97 -86 -35
] 
# A34 
[ 
68 69 66
9 17 39
31 37 7
] 
# A35 
[ 
0 0 0
0 0 0
0 0 0
] 
# A41 
[ 
0 0 0
0 0 0
0 0 0
] 
# A42 
[ 
0 0 0
0 0 0
0 0 0
] 
# A43 
[ 
-68 -9 -31
-69 -17 -37
-66 -39 -7
] 
# A45 
[ 
30 12 100
11 36 84
50 32 53
] 
# A51 
[ 
0 0 0
0 0 0
0 0 0
] 
# A52 
[ 
0 0 0
0 0 0
0 0 0
] 
# A53 
[ 
0 0 0
0 0 0
0 0 0
] 
# A54 
[ 
-30 -11 -50
-12 -36 -32
-100 -84 -53
] 
