# m= 
3 3 3 3 3
# A= 

# A12 
[ 
58 0 69
22 7 31
59 51 48
] 
# A13 
[ 
70 100 17
60 76 90
89 3 20
] 
# A14 
[ 
60 0 19
25 50 43
58 61 84
] 
# A15 
[ 
78 7 19
46 1 89
70 59 31
] 
# A21 
[ 
-58 -22 -59
0 -7 -51
-69 -31 -48
] 
# A23 
[ 
54 32 14
64 17 50
46 7 98
] 
# A24 
[ 
84 18 26
63 99 27
59 95 35
] 
# A25 
[ 
76 19 34
40 4 100
65 1 75
] 
# A31 
[ 
70 60 89
100 76 3
17 90 20
] 
# A32 
[ 
-54 -64 -46
-32 -17 -7
-14 -50 -98
] 
# A34 
[ 
77 58 85
32 59 90
59 37 41
] 
# A35 
[ 
45 46 39
50 39 72
36 5 43
] 
# A41 
[ 
-60 -25 -58
0 -50 -61
-19 -43 -84
] 
# A42 
[ 
84 63 59
18 99 95
26 27 35
] 
# A43 
[ 
-77 -32 -59
-58 -59 -37
-85 -90 -41
] 
# A45 
[ 
81 32 88
7 28 15
27 85 54
] 
# A51 
[ 
78 46 70
7 1 59
19 89 31
] 
# A52 
[ 
-76 -40 -65
-19 -4 -1
-34 -100 -75
] 
# A53 
[ 
45 50 36
46 39 5
39 72 43
] 
# A54 
[ 
-81 -7 -27
-32 -28 -85
-88 -15 -54
] 
