# m= 
3 3 3 3 3
# A= 

# A12 
[ 
19 67 90
7 2 10
53 17 83
] 
# A13 
[ 
0 0 0
0 0 0
0 0 0
] 
# A14 
[ 
0 0 0
0 0 0
0 0 0
] 
# A15 
[ 
57 67 39
54 59 97
30 68 7
] 
# A21 
[ 
-19 -7 -53
-67 -2 -17
-90 -10 -83
] 
# A23 
[ 
54 34 73
42 84 48
87 88 62
] 
# A24 
[ 
0 0 0
0 0 0
0 0 0
] 
# A25 
[ 
0 0 0
0 0 0
0 0 0
] 
# A31 
[ 
0 0 0
0 0 0
0 0 0
] 
# A32 
[ 
-54 -42 -87
-34 -84 -88
-73 -48 -62
] 
# A34 
[ 
26 2 40
83 67 97
90 87 10
] 
# A35 
[ 
0 0 0
0 0 0
0 0 0
] 
# A41 
[ 
0 0 0
0 0 0
0 0 0
] 
# A42 
[ 
0 0 0
0 0 0
0 0 0
] 
# A43 
[ 
-26 -83 -90
-2 -67 -87
-40 -97 -10
] 
# A45 
[ 
85 78 72
21 39 17
49 36 100
] 
# A51 
[ 
57 54 30
67 59 68
39 97 7
] 
# A52 
[ 
0 0 0
0 0 0
0 0 0
] 
# A53 
[ 
0 0 0
0 0 0
0 0 0
] 
# A54 
[ 
-85 -21 -49
-78 -39 -36
-72 -17 -100
] 
